1.0000       114.459520       114.459107 
114.4585       114.458120       114.457760 
114.4578       114.456547       114.455480 
114.4549       114.453880       114.453480 
114.4527       114.452067       114.451480 
114.4515       114.450360       114.449600 
114.4494       114.449000       114.448627 
114.4483       114.447893       114.447600 
114.4469       114.446480       114.446107 
114.4457       114.444760       114.443907 
114.4434       114.443067       114.442533 
114.4420       114.440827       114.440400 
114.4398       114.439427       114.438880 
114.4385       114.438080       114.437667 
114.4371       114.436387       114.436147 
114.4358       114.435440       114.435093 
114.4348       114.434520       114.434320 
114.4331       114.432720       114.431787 
114.4314       114.431013       114.430213 
114.4294       114.428627       114.427227 
114.4266       114.426253       114.425840 
114.4252       114.424213       114.423440 
114.4228       114.422440       114.422000 
114.4216       114.421573       114.420507 
114.4201       114.419440       114.419053 
114.4187       114.418200       114.417840 
114.4174       114.416800       114.416360 
114.4157       114.415160       114.414720 
114.4135       114.413120       114.412520 
114.4115       114.410760       114.410373 
114.4097       114.409573       114.408800 
114.4082       114.408027       114.407600 
114.4068       114.406040       114.405693 
114.4055       114.405107       114.404707 
114.4041       114.403680       114.403307 
114.4028       114.402360       114.401813 
114.4013       114.400800       114.400400 
114.4001       114.399507       114.399053 
114.3987       114.398187       114.397960 
114.3974       114.397093       114.396707 
114.3964       114.396160       114.395587 
114.3952       114.394640       114.394280 
114.3936       114.393467       114.393067 
114.3927       114.392507       114.392333 
114.3919       114.391560       114.391000 
114.3904       114.388827       114.388240 
114.3878       114.387453       114.386880 
114.3864       114.386107       114.385893 
114.3848       114.384467       114.384093 
114.3835       114.383307       114.383000 
114.3826       114.381880       114.381640 
114.3813       114.381267       114.379747 
114.3794       114.378840       114.378080 
114.3777       114.377293       114.376947 
114.3764       114.375987       114.375400 
114.3748       114.374480       114.374053 
114.3734       114.373053       114.372493 
114.3721       114.371653       114.371147 
114.3705       114.370107       114.369547 
114.3690       114.368573       114.367947 
114.3676       114.367000       114.366587 
114.3663       114.366040       114.365667 
114.3652       114.364853       114.364520 
114.3643       114.364040       114.363773 
114.3633       114.362213       114.361613 
114.3613       114.360813       114.360240 
114.3599       114.359587       114.359093 
114.3589       114.358493       114.358320 
114.3580       114.357773       114.357213 
114.3569       114.356680       114.356227 
114.3558       114.355133       114.354827 
114.3541       114.353960       114.353587 
114.3533       114.353200       114.352947 
114.3525       114.352240       114.351773 
114.3515       114.351240       114.351067 
114.3509       114.350573       114.350320 
114.3500       114.349867       114.349613 
114.3491       114.348040       114.347760 
114.3473       114.347067       114.346800 
114.3464       114.346240       114.345933 
114.3457       114.345360       114.345000 
114.3447       114.344240       114.344027 
114.3437       114.343547       114.343280 
114.3430       114.342520       114.342253 
114.3419       114.341627       114.341293 
114.3410       114.340693       114.340253 
114.3400       114.339707       114.339253 
114.3389       114.338507       114.338067 
114.3378       114.337533       114.337120 
114.3368       114.336547       114.336027 
114.3357       114.335280       114.334760 
114.3345       114.333920       114.333680 
114.3336       114.333267       114.333067 
114.3329       114.332733       114.332600 
114.3323       114.332093       114.331720 
114.3315       114.331053       114.330773 
114.3305       114.330080       114.329800 
114.3294       114.328947       114.328680 
114.3284       114.328147       114.327733 
114.3275       114.327213       114.327080 
114.3265       114.326000       114.325720 
114.3255       114.325227       114.324747 
114.3245       114.324107       114.323867 
114.3232       114.322800       114.322320 
114.3219       114.321560       114.321240 
114.3207       114.320240       114.319907 
114.3196       114.319267       114.319040 
114.3187       114.317987       114.317320 
114.3169       114.316587       114.316293 
114.3160       114.315693       114.315293 
114.3147       114.314267       114.313733 
114.3134       114.313147       114.312773 
114.3125       114.312293       114.311947 
114.3114       114.311133       114.310867 
114.3104       114.310213       114.309213 
114.3090       114.308627       114.308347 
114.3078       114.307547       114.307240 
114.3070       114.306547       114.306133 
114.3059       114.305573       114.305333 
114.3051       114.304747       114.304520 
114.3043       114.303987       114.303493 
114.3030       114.302987       114.295373 
114.2949       114.294200       114.293613 
114.2934       114.293227       114.293013 
114.2928       114.292427       114.292013 
114.2916       114.291200       114.290800 
114.2907       114.290640       114.290587 
114.2905       114.290373       114.290253 
114.2900       114.289947       114.289800 
114.2897       114.289307       114.289160 
114.2890       114.288893       114.288613 
114.2885       114.288147       114.288000 
114.2879       114.287587       114.287333 
114.2870       114.286853       114.286360 
114.2862       114.285987       114.285933 
114.2859       114.285747       114.285720 
114.2857       114.285507       114.285453 
114.2854       114.285307       114.285160 
114.2851       114.285013       114.284893 
114.2848       114.284773       114.284747 
114.2847       114.284680       114.284653 
114.2846       114.284587       114.284547 
114.2845       114.284467       114.284413 
114.2844       114.284347       114.284293 
114.2843       114.284227       114.284227 
114.2842       114.284120       114.284107 
114.2841       114.284067       114.284067 
114.2841       114.284053       114.284053 
114.2841       114.284053       114.284067 
114.2841       114.284067       114.283987 
114.2840       114.283973       114.284013 
114.2840       114.284053       114.283973 
114.2840       114.283960       114.283893 
114.2838       114.283680       114.283453 
114.2833       114.283040       114.282813 
114.2823       114.282027       114.281693 
114.2813       114.281080       114.280240 
114.2798       114.279573       114.279573 
114.2793       114.279133       114.278907 
114.2787       114.278320       114.278213 
114.2779       114.277680       114.277373 
114.2765       114.276053       114.275800 
114.2753       114.275147       114.274827 
114.2748       114.274347       114.274067 
114.2740       114.273787       114.273640 
114.2734       114.273293       114.273240 
114.2732       114.272827       114.272587 
114.2724       114.272280       114.272107 
114.2717       114.271600       114.271467 
114.2712       114.270253       114.269680 
114.2694       114.269227       114.269133 
114.2689       114.268693       114.268413 
114.2678       114.267653       114.267427 
114.2672       114.267053       114.266680 
114.2664       114.265973       114.265453 
114.2650       114.264720       114.264720 
114.2641       114.263800       114.262267 
114.2615       114.261107       114.260840 
114.2605       114.260080       114.259907 
114.2590       114.258747       114.258280 
114.2581       114.257973       114.257627 
114.2574       114.257253       114.256880 
114.2564       114.256253       114.255960 
114.2555       114.254773       114.254147 
114.2537       114.252720       114.251893 
114.2509       114.250320       114.250053 
114.2498       114.249613       114.249013 
114.2484       114.247987       114.247080 
114.2467       114.246280       114.245240 
114.2449       114.244373       114.243893 
114.2435       114.243280       114.243013 
114.2427       114.242120       114.241893 
114.2419       114.240707       114.240440 
114.2402       114.239760       114.239760 
114.2390       114.238600       114.238440 
114.2380       114.237827       114.237560 
114.2370       114.235893       114.235493 
114.2349       114.234813       114.234627 
114.2346       114.234227       114.232760 
114.2322       114.231547       114.230253 
114.2297       114.228973       114.228573 
114.2280       114.227453       114.226560 
114.2259       114.224987       114.224640 
114.2240       114.221653       114.219613 
114.2196       114.218067       114.217387 
114.2169       114.216467       114.215720 
114.2132       114.210453       114.210027 
114.2097       114.209467       114.209293 
114.2089       114.208893       114.207187 
114.2067       114.206067       114.205253 
114.2049       114.204267       114.203827 
114.2032       114.203213       114.201693 
114.1987       114.198253       114.197747 
114.1852       114.183547       114.183307 
114.1826       114.182253       114.179613 
114.1767       114.176707       114.175133 
114.1738       114.165053       114.155133 
114.1515       114.149267       114.137000 
2.0000        30.675067        30.674923 
30.6747        30.674540        30.674410 
30.6744        30.674093        30.673827 
30.6737        30.673333        30.673160 
30.6728        30.672623        30.672437 
30.6724        30.672077        30.671807 
30.6717        30.671550        30.671363 
30.6712        30.671073        30.670953 
30.6707        30.670493        30.670340 
30.6702        30.670017        30.670223 
30.6704        30.670490        30.670643 
30.6708        30.671203        30.671393 
30.6716        30.671700        30.671847 
30.6719        30.671973        30.671973 
30.6719        30.671823        30.671767 
30.6717        30.671553        30.671433 
30.6713        30.671260        30.671193 
30.6707        30.670583        30.670233 
30.6701        30.669923        30.669610 
30.6693        30.669033        30.668530 
30.6683        30.668190        30.668023 
30.6678        30.667373        30.667020 
30.6668        30.666607        30.666437 
30.6663        30.666270        30.665760 
30.6656        30.665330        30.665193 
30.6650        30.664853        30.664717 
30.6646        30.664370        30.664227 
30.6640        30.663757        30.663560 
30.6631        30.662953        30.662753 
30.6624        30.662147        30.662007 
30.6618        30.661703        30.661417 
30.6612        30.661167        30.661027 
30.6608        30.660510        30.660390 
30.6603        30.660233        30.660127 
30.6600        30.659877        30.659760 
30.6596        30.659420        30.659220 
30.6590        30.658747        30.658600 
30.6585        30.658363        30.658277 
30.6582        30.658083        30.658040 
30.6579        30.657793        30.657660 
30.6576        30.657507        30.657380 
30.6573        30.657207        30.657123 
30.6570        30.656927        30.656813 
30.6567        30.656643        30.656587 
30.6564        30.656327        30.656180 
30.6560        30.655630        30.655450 
30.6553        30.655173        30.654963 
30.6548        30.654680        30.654603 
30.6542        30.654013        30.653847 
30.6536        30.653467        30.653293 
30.6531        30.652747        30.652637 
30.6525        30.652477        30.651763 
30.6516        30.651317        30.650907 
30.6507        30.650477        30.650287 
30.6500        30.649810        30.649520 
30.6492        30.649053        30.648823 
30.6485        30.648253        30.647947 
30.6477        30.647500        30.647207 
30.6468        30.646570        30.646253 
30.6460        30.645827        30.645617 
30.6455        30.645310        30.645167 
30.6450        30.644940        30.644757 
30.6444        30.644247        30.644000 
30.6439        30.643607        30.643373 
30.6430        30.641983        30.641433 
30.6412        30.640790        30.640367 
30.6401        30.639903        30.639533 
30.6394        30.639070        30.638917 
30.6387        30.638407        30.637840 
30.6376        30.637357        30.636973 
30.6366        30.636193        30.635953 
30.6354        30.635293        30.634960 
30.6347        30.634573        30.634317 
30.6340        30.633760        30.633377 
30.6332        30.632947        30.632780 
30.6326        30.632317        30.632063 
30.6318        30.631673        30.631443 
30.6310        30.630197        30.629977 
30.6296        30.629393        30.629187 
30.6289        30.628780        30.628570 
30.6284        30.628160        30.627940 
30.6277        30.627403        30.627233 
30.6270        30.626890        30.626690 
30.6265        30.626180        30.626010 
30.6258        30.625647        30.625460 
30.6253        30.625113        30.624777 
30.6246        30.624410        30.624147 
30.6239        30.623663        30.623350 
30.6232        30.622970        30.622647 
30.6224        30.622220        30.621837 
30.6216        30.621313        30.621017 
30.6208        30.620403        30.620197 
30.6201        30.619780        30.619550 
30.6194        30.619160        30.619017 
30.6188        30.618523        30.618163 
30.6179        30.617493        30.617223 
30.6170        30.616597        30.616330 
30.6159        30.615483        30.615193 
30.6149        30.614607        30.614153 
30.6139        30.613587        30.613443 
30.6128        30.612333        30.612023 
30.6117        30.611447        30.610990 
30.6107        30.610410        30.610160 
30.6096        30.609113        30.608603 
30.6082        30.607880        30.607560 
30.6070        30.606493        30.606147 
30.6058        30.605533        30.605343 
30.6051        30.604357        30.603693 
30.6032        30.602843        30.602523 
30.6022        30.601907        30.601497 
30.6008        30.600393        30.599803 
30.5995        30.599150        30.598683 
30.5984        30.598043        30.597600 
30.5969        30.596650        30.596333 
30.5957        30.595543        30.594407 
30.5941        30.593687        30.593363 
30.5927        30.592367        30.591917 
30.5916        30.590993        30.590320 
30.5900        30.589507        30.589153 
30.5889        30.588373        30.588043 
30.5877        30.587290        30.586680 
30.5861        30.586057        30.575893 
30.5755        30.574890        30.574360 
30.5741        30.573883        30.573593 
30.5732        30.572723        30.572123 
30.5716        30.571070        30.570500 
30.5703        30.570087        30.569727 
30.5694        30.569133        30.569007 
30.5687        30.568623        30.568447 
30.5683        30.567847        30.567633 
30.5675        30.567300        30.567023 
30.5668        30.566527        30.566357 
30.5662        30.565937        30.565740 
30.5655        30.565333        30.564830 
30.5647        30.564497        30.564453 
30.5644        30.564217        30.564177 
30.5642        30.563883        30.563813 
30.5637        30.563657        30.563523 
30.5635        30.563350        30.563223 
30.5632        30.563080        30.563013 
30.5630        30.562920        30.562860 
30.5628        30.562740        30.562670 
30.5626        30.562583        30.562523 
30.5625        30.562457        30.562430 
30.5624        30.562397        30.562397 
30.5624        30.562383        30.562387 
30.5624        30.562417        30.562423 
30.5624        30.562443        30.562447 
30.5624        30.562440        30.562417 
30.5624        30.562357        30.562117 
30.5620        30.561920        30.561697 
30.5615        30.561050        30.560507 
30.5602        30.559920        30.559283 
30.5589        30.557993        30.557317 
30.5567        30.556173        30.555623 
30.5547        30.554163        30.553673 
30.5532        30.552843        30.551653 
30.5509        30.550577        30.550577 
30.5499        30.549687        30.549163 
30.5486        30.547560        30.547170 
30.5463        30.545717        30.545157 
30.5436        30.542950        30.542483 
30.5417        30.541317        30.540783 
30.5408        30.540017        30.539507 
30.5393        30.539050        30.538783 
30.5383        30.538153        30.538040 
30.5380        30.537410        30.537080 
30.5368        30.536667        30.536430 
30.5358        30.535623        30.535460 
30.5351        30.534103        30.533420 
30.5331        30.532660        30.532410 
30.5319        30.531657        30.531273 
30.5306        30.530413        30.530137 
30.5299        30.529617        30.529053 
30.5287        30.528183        30.527610 
30.5271        30.526757        30.526757 
30.5261        30.525707        30.524037 
30.5231        30.522550        30.522190 
30.5218        30.521133        30.520887 
30.5198        30.519417        30.518687 
30.5184        30.518130        30.517613 
30.5172        30.517020        30.516510 
30.5159        30.515617        30.515217 
30.5148        30.514063        30.513513 
30.5130        30.512103        30.511250 
30.5103        30.509633        30.509340 
30.5091        30.508813        30.508080 
30.5073        30.506767        30.505580 
30.5051        30.504663        30.503360 
30.5030        30.502310        30.501730 
30.5013        30.500983        30.500663 
30.5002        30.499410        30.499080 
30.4991        30.496973        30.496430 
30.4960        30.495143        30.495143 
30.4943        30.493643        30.493450 
30.4929        30.492703        30.492370 
30.4917        30.490437        30.489920 
30.4893        30.489087        30.488820 
30.4888        30.488197        30.486083 
30.4855        30.484920        30.483837 
30.4834        30.482560        30.482210 
30.4818        30.481310        30.480453 
30.4797        30.478687        30.478203 
30.4774        30.474920        30.472893 
30.4729        30.471480        30.470823 
30.4704        30.470040        30.469453 
30.4672        30.464640        30.464260 
30.4640        30.463773        30.463573 
30.4632        30.463193        30.461553 
30.4608        30.460003        30.458983 
30.4586        30.458040        30.457670 
30.4572        30.457173        30.455963 
30.4533        30.452780        30.452247 
30.4370        30.434183        30.433693 
30.4323        30.431670        30.427560 
30.4212        30.421233        30.417313 
30.4144        30.399410        30.389540 
30.3867        30.384747        30.371897 
